20. 12. 2024 / 23. 12. 2024 / 24. 12. 2024 / 25. 12. 2024 / 28. 12. 2024 / 30. 12. 2024 / 31. 12. 2024 / 1. 1. 2025 / 5. 1. 2025 / 6. 1. 2025 / 7. 1. 2025 / 8. 1. 2025 / 13. 1. 2025 / 13. 1. 2025 / 14. 1. 2025 / 15. 1. 2025 / 20. 1. 2025 / 21. 1. 2025 / 21. 1. 2025 / 22. 1. 2025 / 27. 1. 2025 / 28. 1. 2025 / 29. 1. 2025 / 29. 1. 2025 / 3. 2. 2025 / 4. 2. 2025 / 5. 2. 2025 / 6. 2. 2025 / 14. 2. 2025 / 
posilovna / 0 / 1 / 0 / 1 / 0 / 1 / 0 / 0 / 
;
12. 12. 2020 / 12. 12. 2020 / 12. 12. 2020 / 13. 12. 2020 / 17. 12. 2020 / 19. 12. 2020 / 20. 12. 2020 / 22. 12. 2020 / 26. 12. 2020 / 27. 12. 2020 / 27. 12. 2020 / 1. 1. 2021 / 2. 1. 2021 / 3. 1. 2021 / 6. 1. 2021 / 9. 1. 2021 / 10. 1. 2021 / 
posilovna / 1 / 0 / 1 / 0 / 1 / 0 / 1 / 0 / 
;
1. 1. 2024 / 12. 12. 2024 / 12. 12. 2024 / 16. 12. 2024 / 17. 12. 2024 / 19. 12. 2024 / 22. 12. 2024 / 23. 12. 2024 / 26. 12. 2024 / 27. 12. 2024 / 30. 12. 2024 / 1. 1. 2025 / 2. 1. 2025 / 6. 1. 2025 / 6. 1. 2025 / 9. 1. 2025 / 13. 1. 2025 / 
posilovna / 0 / 0 / 0 / 0 / 0 / 1 / 0 / 0 / 
;
2. 12. 2021 / 12. 1. 2024 / 12. 12. 2024 / 14. 12. 2024 / 17. 12. 2024 / 17. 12. 2024 / 21. 12. 2024 / 22. 12. 2024 / 24. 12. 2024 / 27. 12. 2024 / 28. 12. 2024 / 31. 12. 2024 / 1. 1. 2025 / 4. 1. 2025 / 6. 1. 2025 / 7. 1. 2025 / 11. 1. 2025 / 14. 1. 2025 / 
bìh /  / 
;